         0   36.0000
   29.7897   22.2195
   13.6182    1.5295
    6.8445   27.5423
    9.5694   33.3654
    6.7585   36.0000
         0         0
   13.2363    7.0637
         0    5.9841
   36.0000         0
        0   36.0000
   29.6905   22.2069
   13.6062    1.6288
    6.7456   27.5571
    9.6679   33.3482
    7.7585   36.0000
         0         0
   13.1383    7.0441
         0    4.9841
   36.0000         0
        0   36.0000
   30.5127   23.2069
   14.2112    1.8074
    7.7456   28.5571
   10.6679   34.3482
    6.7585   35.0000
         0         0
   12.3711    6.0441
         0    3.9841
   36.0000         0
        0   36.0000
   30.5953   23.1504
   14.1717    1.8993
    7.7061   28.6489
   10.5734   34.3809
    7.7585   36.0000
         0         0
   12.4040    5.9497
         0    2.9841
   36.0000         0
        0   36.0000
   30.5497   23.2395
   14.2699    1.8807
    7.7329   28.5526
   10.6724   34.3670
    8.7585   36.0000
         0         0
   12.3103    5.9846
         0    1.9841
   36.0000         0
        0   36.0000
   31.3946   24.2571
   14.9452    1.9865
    8.7755   29.4621
   11.6850   35.4662
    8.7585   35.0000
         0         0
   11.8725    4.9014
         0         0
   36.0000         0
        0   36.0000
   31.3001   24.2899
   14.8650    2.0463
    8.8706   29.4312
   11.7831   35.4468
    9.7585   36.0000
         0         0
   11.7980    4.8348
         0         0
   36.0000         0
        0   36.0000
   31.2121   24.3374
   14.8747    2.1458
    7.8706   29.4312
   11.7399   35.3566
   10.7585   36.0000
         0         0
   11.7489    4.9219
         0         0
   36.0000         0
        0   36.0000
   31.9527   25.3337
   15.7277    3.0327
    7.0103   29.3660
   12.6395   36.0000
   11.7585   36.0000
         0         0
   12.7802    3.7347
         0         0
   36.0000         0
        0   36.0000
   31.8528   25.3303
   15.6842    2.9426
    6.9298   29.3068
   12.7392   36.0000
   12.7585   36.0000
         0         0
   12.7738    3.6349
         0         0
   36.0000         0
        0   36.0000
   31.7569   25.3019
   15.6377    2.8541
    7.0051   29.2410
   12.7392   35.0000
   13.7585   35.0000
         0         0
   12.6862    3.6833
    0.0000         0
   36.0000         0
        0   36.0000
   32.9185   26.1062
   16.2478    3.5894
    6.1216   28.2602
   12.7517   36.0000
   14.7585   34.0000
         0         0
   13.3785    5.3548
    0.0000         0
   36.0000         0
        0   36.0000
   32.8633   26.1896
   16.2825    3.4956
    6.2071   28.2084
   12.7925   35.9087
   15.7585   35.0000
         0         0
   13.3162    5.4330
    0.0000         0
   36.0000         0
        0   36.0000
   32.8574   26.0897
   16.2154    3.5698
    6.1271   28.2684
   12.7345   35.8272
   16.7585   36.0000
         0         0
   13.2228    5.4689
    0.0000         0
   36.0000         0
        0   36.0000
   32.9355   26.0273
   16.1238    3.6097
    6.1182   28.3680
   12.6545   35.8872
   17.7585   36.0000
         0         0
   13.2945    5.3992
    0.0000         0
   36.0000         0
        0   36.0000
   32.9355   25.9273
   16.0778    3.5209
    6.1288   28.4674
   12.6820   35.7911
   18.7585   36.0000
         0         0
   13.2137    5.4581
    0.0000         0
   36.0000         0
        0   36.0000
   33.0273   25.9669
   15.9941    3.5756
    6.2265   28.4462
   12.7386   35.7087
   19.7585   36.0000
         0         0
   13.2969    5.5136
    0.0000         0
   36.0000         0
        0   36.0000
   32.9312   25.9945
   16.0895    3.5458
    6.3037   28.3826
   12.6868   35.7942
   20.7585   36.0000
         0         0
   13.2075    5.4689
    0.0000         0
   36.0000         0
        0   36.0000
   32.2266   24.9376
   16.2405    3.4422
    5.1508   27.4936
   13.7363   36.0000
   21.7585   35.8924
         0         0
   14.3075    5.4689
         0         0
   36.0000         0
        0   36.0000
   32.1702   24.8551
   16.3270    3.3920
    5.0511   27.5009
   13.7859   36.0000
   22.7585   36.0000
         0         0
   14.2649    5.5593
    0.0000         0
   36.0000         0
        0   36.0000
   32.0742   24.8269
   16.3568    3.2966
    5.0300   27.5987
   13.8119   35.9034
   23.7585   36.0000
         0         0
   14.2977    5.4649
    0.0000         0
   36.0000         0
        0   36.0000
   31.9745   24.8349
   16.4327    3.2315
    5.0617   27.6936
   13.8174   36.0000
   24.7585   36.0000
         0         0
   14.2049    5.4278
         0         0
   36.0000         0
        0   36.0000
   31.0792   24.0233
   16.6528    3.2088
    4.8316   26.4789
   14.9189   36.0000
   24.8547   35.6100
         0         0
   16.2665    5.1331
    0.0489         0
   36.0000         0
        0   36.0000
   30.9797   24.0333
   16.6149    3.3014
    4.8548   26.3817
   15.0138   35.9684
   25.8547   36.0000
         0         0
   16.2665    5.0331
    0.0489         0
   36.0000         0
        0   36.0000
   30.8928   23.9837
   16.6800    3.2255
    4.7993   26.4649
   15.1134   35.9767
   26.8547   36.0000
         0         0
   16.3665    5.0331
    0.0489         0
   36.0000         0
        0   36.0000
   30.9928   23.9837
   16.7440    3.1486
    4.6993   26.4649
   15.0192   36.0000
   27.8547   36.0000
         0         0
   16.2681    5.0152
    0.0489         0
   36.0000         0
        0   36.0000
   31.0909   23.8264
   17.8386    3.6726
    3.7555   25.5351
   16.0837   35.9550
   28.7715   35.2256
         0         0
   17.2321    5.0793
         0         0
   36.0000         0
        0   36.0000
   31.0275   23.9037
   17.7449    3.7076
    3.6807   25.6016
   15.9909   35.9923
   29.7715   35.4359
         0         0
   17.2260    4.9795
         0         0
   36.0000         0
        0   36.0000
   31.2032   23.9070
   18.6353    4.4597
    3.6357   24.6409
   17.1463   35.9899
   30.5559   34.7249
         0         0
   19.1816    4.5646
    0.0871         0
   36.0000         0
        0   36.0000
   31.1190   23.8529
   18.7044    4.3874
    3.7165   24.6998
   17.1154   35.8948
   31.3527   34.8505
         0         0
   19.2132    4.4697
    0.0871         0
   36.0000         0
        0   36.0000
   32.6072   23.8529
   19.3293    4.6932
    4.6848   23.7947
   16.0154   36.0000
   31.4751   33.8978
         0         0
   18.2687    4.0899
    1.0871         0
   36.0000         0
        0   36.0000
   32.5334   23.9203
   19.4274    4.7128
    4.7761   23.7539
   15.9489   36.0000
   32.1709   33.9914
         0         0
   18.2328    3.9966
    1.0871         0
   36.0000         0
        0   36.0000
   32.2042   22.8710
   19.6888    4.7461
    3.7489   22.5660
   16.9374   35.9519
   32.4425   33.1468
         0         0
   19.1715    4.4029
    0.5455         0
   36.0000         0
        0   36.0000
   32.2472   22.9613
   19.5893    4.7361
    3.8422   22.6020
   16.8830   35.8679
   33.0143   33.2088
         0         0
   19.1268    4.3135
    0.5455         0
   36.0000         0
        0   36.0000
   32.3431   22.9331
   19.5288    4.6564
    3.7435   22.6180
   16.9065   35.9651
   33.4918   33.2524
         0         0
   19.2268    4.3135
    0.5455         0
   36.0000         0
        0   36.0000
   32.4187   22.8676
   19.6201    4.6973
    3.6465   22.6423
   16.9193   35.8659
   33.8908   33.2830
         0         0
   19.3016    4.2472
    0.5455         0
   36.0000         0
        0   36.0000
   32.3566   22.9460
   19.5429    4.7608
    3.6687   22.5448
   16.8520   35.9399
   34.2246   33.3046
         0         0
   19.2153    4.1968
    0.5455         0
   36.0000         0
        0   36.0000
   32.3295   23.0422
   19.6409    4.7804
    3.6179   22.6309
   16.7846   35.8660
   34.5038   33.3199
         0         0
   19.2559    4.2882
    0.5455         0
   36.0000         0
        0   36.0000
   32.4293   23.0366
   19.6041    4.8733
    3.6773   22.5505
   16.7923   35.9657
   34.7376   33.3308
         0         0
   19.2004    4.2050
    0.5455         0
   36.0000         0
        0   36.0000
   32.4968   22.9628
   19.5118    4.9120
    3.6910   22.6495
   16.8877   35.9359
   34.9333   33.3385
         0         0
   19.2246    4.1080
    0.5455         0
   36.0000         0
        0   36.0000
   32.4095   23.0115
   19.5732    4.8330
    3.7117   22.5517
   16.8812   35.8361
   35.0973   33.3440
         0         0
   19.3242    4.0993
    0.5455         0
   36.0000         0
        0   36.0000
   33.4615   22.9544
   20.6402    5.4663
    3.6500   21.1845
   16.5645   35.7110
   35.1381   33.4152
         0         0
   19.6910    3.8132
    0.4455         0
   36.0000         0
        0   36.0000
   33.4615   22.8544
   20.5812    5.5470
    3.7344   21.1308
   16.6527   35.7583
   35.2682   33.4187
         0         0
   19.7531    3.7348
    0.4455         0
   36.0000         0
        0   36.0000
   33.4051   22.9369
   20.6331    5.6325
    3.6564   21.0683
   16.7119   35.8388
   35.3773   33.4213
         0         0
   19.8484    3.7047
    0.4455         0
   36.0000         0
        0   36.0000
   33.3728   23.1333
   20.6380    5.6160
    3.6811   20.9678
   16.5427   35.7853
   35.4396   33.3338
         0         0
   19.8543    3.6392
    0.5334         0
   36.0000         0
        0   36.0000
   33.2756   22.9503
   20.9460    5.4343
    3.1915   20.6853
   16.5743   35.7935
   35.6879   33.1591
         0         0
   19.6310    3.6542
    0.9020    0.3188
   36.0000         0
        0   36.0000
   33.2372   22.8053
   20.7669    5.4637
    3.1677   20.6677
   16.7060   35.8884
   35.7437   33.2487
         0         0
   19.4863    3.5648
    1.0956    0.3690
   36.0000         0
        0   36.0000
   33.2167   22.6621
   20.7050    5.2851
    3.2112   20.7882
   16.5090   35.9126
   35.7981   33.3387
         0         0
   19.3883    3.4002
    1.0968    0.4125
   36.0000         0
        0   36.0000
   33.1939   23.0985
   20.5600    5.2845
    3.1543   20.9948
   16.3830   35.6552
   35.8694   33.4285
         0         0
   19.1501    3.8302
    1.0007    0.5038
   36.0000         0
        0   36.0000
   33.1485   23.2165
   20.4568    5.5195
    3.2344   21.0802
   16.3764   35.6174
   35.8825   33.6053
         0         0
   19.1884    3.6597
    0.9024    0.5461
   36.0000         0
        0   36.0000
   32.8882   22.6596
   20.4783    6.0554
    2.9698   20.0903
   16.7689   35.3145
   35.8839   33.8962
         0         0
   19.7375    2.9421
    0.6967    0.5583
   36.0000         0
        0   36.0000
   32.8713   22.5459
   20.4507    5.9662
    2.9733   19.9194
   16.5951   35.4116
   35.9399   33.8081
         0         0
   19.7530    2.9767
    0.6967    0.5793
   36.0000         0
        0   36.0000
   32.8471   22.6876
   20.4910    6.0549
    2.8003   20.0522
   16.6361   35.3214
   35.9523   33.8064
         0         0
   19.8378    2.9225
    0.3982    0.6081
   36.0000         0
        0   36.0000
   32.8289   22.6699
   20.3629    6.1327
    2.9925   20.0873
   16.6687   35.1405
   35.9640   33.9834
         0         0
   20.0665    2.7825
    0.2989    0.6309
   36.0000         0
        0   36.0000
   32.8490   22.7696
   20.4583    6.0523
    2.8068   20.0583
   16.7225   35.0011
   35.9765   33.9856
         0         0
   19.9570    2.7888
    0.3989    0.6476
   36.0000         0
        0   36.0000
   32.8453   22.8655
   20.4757    5.9961
    2.6168   20.2845
   16.6348   35.0242
   35.9894   33.8100
         0         0
   20.1047    2.7888
    0.2990    0.6651
   36.0000         0
        0   36.0000
   32.8276   22.9143
   20.6531    6.2101
    2.6276   20.3988
   16.6812   35.1301
   36.0000   33.9858
         0         0
   20.2927    2.7694
         0    0.6836
   36.0000         0
        0   36.0000
   32.7891   22.8432
   20.5990    6.3145
    2.5375   20.3757
   16.7973   35.1510
   36.0000   34.0748
         0         0
   20.1772    2.9231
         0    0.7876
   36.0000         0
        0   36.0000
   32.9747   22.8291
   20.5999    6.3935
    2.5293   20.3725
   16.9815   35.1244
   36.0000   34.0748
         0         0
   20.1689    2.9802
    0.0998    0.8248
   36.0000         0
        0   36.0000
   32.9813   22.9926
   20.5364    6.3283
    2.5650   20.3257
   16.6909   35.4285
   36.0000   33.9847
         0         0
   19.9128    2.9741
    0.1182    0.7412
   36.0000         0
        0   36.0000
   34.4390   22.1741
   23.1077    6.3055
    2.3969   18.2022
   15.4838   33.0344
   36.0000   33.2547
         0         0
   20.7110    3.4701
    0.7917    1.1428
   36.0000         0
        0   36.0000
   29.7434   11.2579
   25.3450   30.2511
    5.5927   30.9338
   29.7441   26.5505
    6.9662   27.4448
         0         0
   18.3654    3.0724
   36.0000   19.8867
   36.0000         0
        0   36.0000
   30.1670   12.4285
   24.2546   30.0617
    6.7819   32.6370
   29.1392   25.1320
    5.9377   28.8629
         0         0
   18.9174    3.8111
   36.0000   19.8867
   36.0000         0
        0   36.0000
   33.5740    9.9512
   24.8082   29.5416
   10.5211   28.9255
   27.2749   28.4387
    1.2118   25.5094
         0         0
   20.1004    1.0363
   36.0000   20.8085
   36.0000         0
        0   36.0000
   33.7098    9.7130
   24.9175   29.5978
   10.6624   28.7887
   27.2596   28.4664
    1.0919   25.3703
         0         0
   20.2904    0.8432
   36.0000   20.8085
   36.0000         0
        0   36.0000
    8.3553   27.9922
   35.2173   21.5167
   31.9231   15.0164
   28.0959   22.0133
    0.3283    3.1334
         0         0
   35.3705   18.4037
   36.0000   36.0000
   36.0000         0
        0   36.0000
    8.0959   28.0057
   35.3446   21.7460
   31.5778   14.4872
   28.3599   22.2637
    0.0644    3.4705
         0         0
   35.1850   18.2406
   36.0000   36.0000
   36.0000         0
        0   36.0000
    8.9839   26.8804
   34.1165   22.5828
   29.4750   14.2259
   28.9742   22.3618
    0.4722    3.1123
         0         0
   35.4530   17.9569
   36.0000   36.0000
   36.0000         0
        0   36.0000
    8.7418   26.9041
   33.9583   22.3840
   29.3912   14.0497
   29.3897   22.7792
    0.3463    2.7174
         0         0
   35.5877   18.0270
   36.0000   36.0000
   36.0000         0
        0   36.0000
   34.9632   17.8533
   35.3883   18.6913
   18.5579   22.2054
   22.6977   12.5236
   36.0000   36.0000
         0         0
   21.4163    4.7357
    6.0605   11.0317
   36.0000         0
        0   36.0000
   30.1651   10.0298
   35.7707   32.1420
   13.2656    4.6226
   28.1061   16.9342
   36.0000   31.6826
         0         0
   27.5140   20.7362
   16.1382    3.9418
   36.0000         0
        0   36.0000
   30.0715   10.0649
   35.7158   32.2256
   13.3398    4.6897
   28.1473   17.0253
   36.0000   31.6826
         0         0
   27.6078   20.7014
   16.0707    4.0156
   36.0000         0
        0   36.0000
   30.0876   10.2524
   35.8697   31.8069
   13.1530    4.8356
   28.1996   16.8615
   36.0000   31.6826
         0         0
   27.4613   20.8538
   16.1198    4.1469
   36.0000         0
        0   36.0000
   14.4332   16.1487
   16.0539   34.7983
   10.0446   14.9327
   16.4613   34.5368
   36.0000   22.9280
         0         0
   16.7753    3.2162
    0.7833    3.2995
   36.0000         0
        0   36.0000
   14.3504   16.5106
   16.5717   34.6116
    9.8996   15.1238
   16.4142   34.5573
   36.0000   22.9280
         0         0
   16.4275    3.1176
    0.9303    3.0694
   36.0000         0
       0   36.0000
    4.5490   18.4854
   16.3571   32.0103
    8.0848   23.8949
    2.0975    0.0937
   36.0000   21.4884
         0         0
   35.9251    9.3272
    2.1035    0.0823
   36.0000         0
          0   36.0000
   35.9512   23.2412
    6.4292   30.6479
   35.0723    9.1071
   35.0713    9.1439
   36.0000   30.3335
         0         0
    7.5002    9.0950
   19.1027   29.2584
   36.0000         0
        0   36.0000
   35.8451   23.1434
    6.6410   30.5744
   35.5490    9.4476
   35.5543    9.3632
   36.0000   30.3335
         0         0
    7.6163    9.2045
   19.4105   28.9927
   36.0000         0
        0   36.0000
   35.3492   26.2843
   19.8278    0.4210
   31.7241    7.2943
    6.8438   35.2410
    6.7205   35.3195
         0         0
   33.6168   18.3212
   36.0000   27.6895
   36.0000         0
        0   36.0000
   22.3062   32.2021
   35.9976   12.6848
    3.7704   15.0898
    5.9662   32.3586
   36.0000   12.6867
         0         0
   34.6562    6.0042
   17.7579    1.2276
   36.0000         0
       0   36.0000
   15.8392   20.8915
   31.1220   26.9666
    5.5343   28.1094
   15.2127    4.1276
   35.9278    0.8702
         0         0
   36.0000    8.8304
   36.0000    8.8305
   36.0000         0
       0   36.0000
   14.9043   34.0242
   18.3432   25.8746
   35.7806         0
    4.3781   25.4819
   35.6818    9.9872
         0         0
    1.7185         0
   17.1902         0
   36.0000         0
        0   36.0000
   12.9043   32.0242
   20.3432   25.8746
   35.7806         0
    8.3781   25.4819
   36.0000   13.9872
         0         0
    3.7185         0
   17.1902    3.0000
   36.0000         0
        0   36.0000
   13.9043   33.0242
   21.3432   24.8746
   34.0000         0
    9.3781   28.4819
   36.0000   12.9872
         0         0
    2.7185         0
   18.1902    2.0000
   36.0000         0
        0   36.0000
   12.9043   32.0242
   18.3432   21.8746
   35.0000         0
   10.3781   29.4819
   35.0000   11.9872
         0         0
    1.7185         0
   17.1902         0
   36.0000         0
       0   36.0000
         0   29.5096
         0    7.5252
   32.2543    7.9925
    3.9305   26.5319
   27.6245   28.2398
         0         0
    6.4353   12.6943
   26.1402    6.9583
   36.0000         0
        0   36.0000
         0   29.5096
         0    7.5252
   32.7743    6.9925
    3.8326   26.5116
   27.6036   28.1420
         0         0
    5.4353   13.6943
   26.1677    7.0545
   36.0000         0
        0   36.0000
         0   29.1729
         0    7.0617
   33.8264    7.9072
    3.8326   27.9058
   28.6197   27.2097
         0         0
    3.9236   13.1724
   25.7783    6.1350
   36.0000         0
        0   36.0000
         0   28.1729
         0    6.7868
   33.4667    7.5259
    2.8326   28.9058
   29.1176   26.4847
         0         0
    2.9236   13.0397
   25.7145    6.0581
   36.0000         0
        0   36.0000
         0   28.1729
         0    6.7868
   33.6227    6.8303
    2.8142   29.0041
   29.1393   26.3871
         0         0
    1.9236   13.7434
   25.8020    6.1065
   36.0000         0
        0   36.0000
         0   28.1729
         0    6.7868
   33.7051    6.4235
    2.9135   29.0165
   29.2288   26.3425
         0         0
    0.9236   14.0757
   25.9020    6.1065
   36.0000         0
        0   36.0000
         0   28.1729
         0    6.7868
   33.7398    6.2408
    2.9034   28.9170
   29.2618   26.2481
         0         0
         0   14.1866
   25.8572    6.1959
   36.0000         0
        0   36.0000
         0   28.1729
         0    6.7868
   33.7242    6.3396
    2.8611   29.0076
   29.1911   26.1774
         0         0
         0   14.1866
   25.7586    6.1794
   36.0000         0
        0   36.0000
         0   28.1729
         0    6.7868
   33.8158    6.3797
    2.7654   29.0364
   29.1595   26.2722
         0         0
         0   14.1866
   25.7980    6.0875
   36.0000         0
        0   36.0000
         0   28.1729
         0    6.7868
   33.8365    6.3354
    2.8006   28.9597
   29.3331   26.2157
         0         0
         0   14.1866
   25.8871    6.0779
   36.0000         0
        0   36.0000
         0   28.1729
         0    6.7868
   33.9007    6.4271
    2.7580   28.9200
   29.3773   26.3663
         0         0
         0   14.1866
   25.7405    5.9362
   36.0000         0
        0   36.0000
         0   28.1729
         0    6.7868
   33.9968    6.3992
    2.8491   28.9614
   29.2843   26.3295
         0         0
         0   14.1866
   25.6740    6.0109
   36.0000         0
        0   36.0000
         0   28.1729
         0    6.7868
   33.7820    6.3490
    2.6038   29.3440
   28.9531   26.2150
         0         0
         0   14.1866
   25.4653    6.8899
   36.0000         0
        0   36.0000
         0   28.1729
         0    6.7868
   33.8220    6.2574
    2.5528   29.4300
   28.9756   26.1176
         0         0
         0   14.1866
   25.3695    6.9186
   36.0000         0
        0   36.0000
         0   28.1729
         0    6.7868
   34.3139    5.7315
    2.3002   29.7843
   28.6623   26.4042
         0         0
         0   14.1866
   25.1432    7.1792
   36.0000         0
        0   36.0000
         0   28.1729
         0    6.7868
   33.1320    5.5661
    1.4064   29.8431
   28.1111   26.7800
         0         0
         0   14.1866
   24.8434    7.2546
   36.0000         0
        0   36.0000
         0   28.1729
         0    6.7868
   33.4258    5.4538
    2.3512   29.9735
   26.2025   27.4139
         0         0
         0   14.1866
   24.7755    8.8538
   36.0000         0
        0   36.0000
         0   28.1729
         0    6.7868
   34.8969    4.7875
    0.2432   31.9035
   25.0956   27.0955
         0         0
         0   14.1866
   25.2121    9.7603
   36.0000         0
        0   36.0000
         0   28.1729
         0    6.7868
   34.3630    4.7839
    0.3976   31.5904
   25.2557   26.4674
         0         0
         0   14.1866
   25.0501    9.1245
   36.0000         0
         0   36.0000
         0   28.1729
         0    6.7868
   33.4986    4.9255
    0.1524   31.1420
   22.6898   28.9079
         0         0
         0   14.1866
   24.9528    7.4976
   36.0000         0
         0   36.0000
         0   28.1729
         0    6.7868
   31.7090    2.7691
    0.5941   29.0128
   19.4937   28.5963
         0         0
         0   14.1866
   26.3502    7.9817
   36.0000         0
         0   36.0000
         0   28.1729
         0    6.7868
   31.7857    2.4512
    0.2373   29.1778
   18.9988   28.7623
         0         0
         0   14.1866
   26.5556    8.0850
   36.0000         0
         0   36.0000
         0   28.1729
         0    6.7868
   32.4461    2.6688
    0.0988   28.8740
   19.1553   29.0784
         0         0
         0   14.1866
   26.4549    8.1351
   36.0000         0
         0   36.0000
         0   28.1729
         0    6.7868
   31.5098    3.6727
    0.3385   28.6790
   19.0499   28.9945
         0         0
         0   14.1866
   26.1069    7.6151
   36.0000         0
	0   36.0000
         0   26.7121
         0    6.7868
   29.2813    5.9792
    0.0058   27.1157
   16.4544   30.1300
         0         0
         0   14.1866
   27.2412    7.9906
   36.0000         0
         0   36.0000
         0   26.7121
         0    6.7868
   29.6591    6.0200
    0.0512   26.8736
   15.7610   31.5656
         0         0
         0   14.1866
   27.5973    7.5868
   36.0000         0